#1.
age <- c(34, 28, 22, 36, 27, 18, 52, 39, 42,
         29, 35, 31, 27, 22, 37, 34, 19, 20, 57, 49, 50, 37, 46, 25, 17, 37, 42,
         53, 41, 51, 35, 24, 33, 41)

length(age)
##[1] 34

#2. 
1 / age
# [1] 0.02941176 0.03571429 0.04545455 0.02777778 0.03703704 0.05555556 0.01923077
#[8] 0.02564103 0.02380952 0.03448276 0.02857143 0.03225806 0.03703704 0.04545455
#[15] 0.02702703 0.02941176 0.05263158 0.05000000 0.01754386 0.02040816 0.02000000
#[22] 0.02702703 0.02173913 0.04000000 0.05882353 0.02702703 0.02380952 0.01886792
#[29] 0.02439024 0.01960784 0.02857143 0.04166667 0.03030303 0.02439024

#3. 
new_age <- c(age, 0, age)
new_age
#[1] 34 28 22 36 27 18 52 39 42 29 35 31 27 22 37 34 19 20 57 49 50 37 46 25 17 37 42
#[28] 53 41 51 35 24 33 41  0 34 28 22 36 27 18 52 39 42 29 35 31 27 22 37 34 19 20 57
#[55] 49 50 37 46 25 17 37 42 53 41 51 35 24 33 41


#What happen to the new_age?
#-The vector new_age has all the values of vector age, then a 0, then all the values of age again.

#4.
sort(age)
#[1] 17 18 19 20 22 22 24 25 27 27 28 29 31 33 34 34 35 35 36 37 37 37 39 41 41 42 42
#[28] 46 49 50 51 52 53 57

#5.
min(age)
#[1] 17
max(age)
#[1] 57

#6.
data <- c(2.4, 2.8, 2.1, 2.5, 2.4, 2.2, 2.5,
          2.3, 2.5, 2.3, 2.4, 2.7)

length(data)
#[1] 12

#7 
datadob <- 2 * data
datadob
#[1] 4.8 5.6 4.2 5.0 4.8 4.4 5.0 4.6 5.0 4.6 4.8 5.4

#What happen to the data?
#The vector data dob has the elemnts of the vector data but doubled by mlutiplying the elementd into 2

#8.1
i1to100 <- seq(1, 100)
i1to100
#[1]   1   2   3   4   5   6   7   8   9  10  11  12  13  14  15  16  17  18  19  20
#[21]  21  22  23  24  25  26  27  28  29  30  31  32  33  34  35  36  37  38  39  40
#[41]  41  42  43  44  45  46  47  48  49  50  51  52  53  54  55  56  57  58  59  60
#[61]  61  62  63  64  65  66  67  68  69  70  71  72  73  74  75  76  77  78  79  80
#[81]  81  82  83  84  85  86  87  88  89  90  91  92  93  94  95  96  97  98  99 100

#8.2
i20to60 <- seq(20, 60)
i20to60
#[1] 20 21 22 23 24 25 26 27 28 29 30 31 32 33 34 35 36 37 38 39 40 41 42 43 44 45 46
#[28] 47 48 49 50 51 52 53 54 55 56 57 58 59 60

#8.3
mean(s20to60)
#[1] 40

#8.4
sumzzz <- sum(seq(51, 91))
sumzzz
#[1] 2911

#8.5
i1to1000 <- seq(1, 1000)
head(i1to1000, 10)
#[1]  1  2  3  4  5  6  7  8  9 10

#8a
length(i1to100 )
#[1] 100
length(i20to60 )
#[1] 41
# 8.3 data point is 1
# 8.4 data pont is 1
# Total = 100 + 41 + 1 + 1 = 143

#8c
tail(i1to1000 , 10) 
#[1]  991  992  993  994  995  996  997  998  999 1000

#9
Filter(function(i) { all(i %% c(3, 5, 7) != 0) }, seq(100))
#[1]  1  2  4  8 11 13 16 17 19 22 23 26 29 31 32 34 37 38 41 43 44 46 47 52 53 58 59
#[28] 61 62 64 67 68 71 73 74 76 79 82 83 86 88 89 92 94 97

#10
rev <- seq(100, 1)
rev
#[1] 100  99  98  97  96  95  94  93  92  91  90  89  88  87  86  85  84  83  82  81
#[21]  80  79  78  77  76  75  74  73  72  71  70  69  68  67  66  65  64  63  62  61
#[41]  60  59  58  57  56  55  54  53  52  51  50  49  48  47  46  45  44  43  42  41
#[61]  40  39  38  37  36  35  34  33  32  31  30  29  28  27  26  25  24  23  22  21
#[81]  20  19  18  17  16  15  14  13  12  11  10   9   8   7   6   5   4   3   2   1

#11
multiples <- Filter(function(x) x %% 3 == 0 || x %% 5 == 0, 1:24)
multiples
#[1]  3  5  6  9 10 12 15 18 20 21 24

sum(multiples)
#[1] 143

#a. How many data points from 10 to 11?
length (rev)
#[1] 100
length (multiples)
#[1] 11
# 100 + 11 = 111 data points

#12
#The correct way
x <- {0 + 12 + 5}
x
#[1] 17

#13
score <- c(72, 86, 92, 63, 88, 89, 91, 92, 75, 75, 77)
score[2]
#[1] 86
score[3]
#[1] 92

#14
a <- c(1, 2, NA, 4, NA, 6, 7)
print(a, na.print="-999")
#[1]    1    2 -999    4 -999    6    7

#Describe the output.
#- The values of NA not replaced, but printed as -999 for display purposes ૮ ˶ᵔ ᵕ ᵔ˶ ა...

#15
x <- c(2, 3, 4)
class(x)
#[1] "numeric"

class(x) <- "foo"
class(x)
#[1] "foo"


#Additional Eample
name <- readline(prompt="Input your name: ")
age <- readline(prompt="Input your age: ")
print(paste("My name is", name, "and I am", age, "years old."))
print(R.version.string)


























